# Boolean search results -- index: group1_cran.index (4334 terms, max docid 1400)
# merge: skip-pointer intersection

Query      : similarity AND laws
Stemmed    : similar AND law
df         : similar = 149, law = 53
Matches    : 17
Time       : 0.244 ms
Docids     : 13,56,160,219,300,305,332,359,453,486,491,495,573,663,665,1072,1186

Query      : aeroelastic AND models
Stemmed    : aeroelast AND model
df         : aeroelast = 18, model = 177
Matches    : 9
Time       : 0.115 ms
Docids     : 14,78,141,184,202,486,685,875,1066

Query      : heated AND aircraft
Stemmed    : heat AND aircraft
df         : heat = 306, aircraft = 71
Matches    : 8
Time       : 0.143 ms
Docids     : 12,29,51,328,364,497,1300,1328

Query      : structural AND aeroelastic
Stemmed    : structur AND aeroelast
df         : structur = 107, aeroelast = 18
Matches    : 9
Time       : 0.151 ms
Docids     : 12,78,184,202,284,486,781,875,1361

Query      : high OR speed
Stemmed    : high OR speed
df         : high = 236, speed = 292
Matches    : 407
Time       : 0.271 ms
Docids     : 2,7,9,12,14,19,24,25,27,32,33,34,36,38,40,41,51,52,53,58,60,67,69,70,78,79,80,82,83,85,92,96,101,103,108,110,114,122,124,125,129,139,141,142,146,152,156,166,169,170,172,174,176,177,179,183,187,189,193,195,197,198,201,203,204,205,206,209,211,212,213,214,215,216,217,222,223,225,226,229,230,235,236,238,239,240,242,244,248,251,252,253,255,262,263,264,266,274,280,283,285,287,288,292,293,296,297,302,309,311,315,316,319,321,328,329,334,342,345,352,353,360,364,370,373,374,378,380,391,401,406,410,413,415,416,420,421,429,430,431,433,435,436,438,439,440,441,442,447,453,455,464,465,466,468,474,476,481,486,490,493,502,508,511,513,519,520,522,526,529,536,540,549,552,553,564,566,568,569,571,572,573,574,576,578,588,589,592,593,600,601,603,606,615,624,629,630,631,632,634,637,638,640,655,658,660,663,665,666,670,671,672,673,675,676,679,681,683,685,686,687,695,699,700,701,702,703,704,707,708,709,710,711,712,717,719,721,724,740,746,747,755,757,759,764,767,773,774,776,781,790,792,795,796,797,798,799,800,801,805,811,812,814,815,816,834,838,865,870,874,876,878,879,880,886,894,896,904,908,914,916,917,918,919,921,923,924,925,927,941,945,961,962,976,979,981,982,986,987,990,991,998,1002,1003,1007,1011,1012,1015,1020,1042,1043,1051,1062,1063,1071,1074,1081,1084,1087,1088,1089,1093,1095,1098,1101,1104,1110,1111,1114,1115,1124,1134,1140,1143,1144,1147,1151,1155,1157,1158,1160,1161,1167,1169,1180,1195,1202,1203,1211,1212,1218,1219,1225,1226,1229,1230,1244,1246,1248,1250,1255,1260,1263,1265,1268,1269,1271,1274,1279,1282,1285,1289,1295,1296,1297,1299,1300,1303,1305,1309,1310,1313,1314,1315,1319,1320,1321,1322,1324,1325,1328,1337,1338,1339,1341,1343,1346,1347,1349,1356,1373,1374,1379,1380,1385,1391,1393

Query      : boundary AND layer
Stemmed    : boundari AND layer
df         : boundari = 469, layer = 414
Matches    : 370
Time       : 0.257 ms
Docids     : 1,2,3,4,7,8,9,12,16,17,21,22,23,24,25,34,36,37,40,43,45,49,50,53,54,55,59,61,62,63,71,72,73,74,76,79,80,84,89,94,96,97,101,104,105,107,111,112,117,121,123,124,125,126,128,131,133,134,135,140,142,145,148,150,155,165,168,170,172,173,174,179,180,182,186,187,188,189,191,192,205,207,209,220,222,241,242,244,254,255,256,260,261,265,267,269,271,272,276,282,291,292,293,294,299,300,303,304,305,306,307,308,309,310,311,314,315,316,318,321,322,324,325,326,327,328,329,333,334,335,336,337,338,339,340,342,343,344,345,346,347,348,349,352,353,355,358,363,364,365,366,373,375,376,377,378,381,382,383,386,388,393,394,395,397,406,413,416,417,435,439,455,457,458,459,460,461,475,477,478,479,481,484,487,489,493,502,504,505,525,526,527,528,529,535,537,538,540,547,553,555,559,560,562,563,564,565,568,569,570,572,573,576,604,608,610,611,623,625,628,629,630,645,646,651,652,655,659,661,662,663,664,666,667,668,671,672,679,689,696,710,754,784,785,788,789,792,794,796,798,799,808,861,872,892,899,903,912,925,933,939,944,959,960,961,962,964,965,972,973,974,976,977,979,992,996,1040,1053,1055,1061,1072,1076,1080,1100,1106,1107,1109,1142,1149,1154,1155,1157,1180,1182,1184,1185,1187,1188,1191,1192,1198,1199,1200,1205,1209,1211,1212,1213,1214,1215,1216,1220,1222,1225,1226,1228,1235,1236,1237,1240,1241,1245,1250,1251,1254,1257,1260,1261,1263,1264,1268,1274,1278,1281,1282,1284,1288,1300,1301,1302,1307,1310,1311,1313,1319,1322,1323,1324,1325,1347,1351,1353,1354,1355,1364,1365,1366,1368,1370,1371,1372,1375,1381,1382,1383,1384,1385,1386,1394,1395

Query      : slipstream AND wing
Stemmed    : slipstream AND wing
df         : slipstream = 15, wing = 226
Matches    : 11
Time       : 0.107 ms
Docids     : 1,453,1064,1089,1090,1091,1092,1094,1095,1144,1164

Query      : shock AND waves
Stemmed    : shock AND wave
df         : shock = 240, wave = 210
Matches    : 149
Time       : 0.134 ms
Docids     : 2,25,64,65,71,72,93,110,132,142,169,170,171,175,177,178,187,190,192,193,201,205,212,221,252,253,256,262,263,265,291,308,309,310,311,317,319,328,329,334,335,345,373,384,401,402,403,410,411,415,421,439,456,469,482,495,496,503,504,517,518,552,556,557,568,569,572,575,595,609,612,625,654,656,663,665,692,693,694,793,794,798,800,803,804,805,806,807,810,903,917,939,947,949,974,976,993,998,1006,1007,1010,1077,1107,1114,1151,1156,1157,1179,1181,1186,1189,1198,1202,1203,1208,1225,1228,1230,1238,1239,1245,1247,1248,1252,1257,1258,1267,1274,1276,1298,1300,1303,1307,1310,1312,1313,1314,1315,1316,1317,1318,1319,1327,1356,1364,1367,1389,1390,1391

Query      : supersonic OR hypersonic
Stemmed    : superson OR hyperson
df         : superson = 270, hyperson = 170
Matches    : 412
Time       : 0.186 ms
Docids     : 2,7,9,11,14,17,19,20,25,26,27,28,31,33,35,36,37,38,39,40,41,48,49,51,52,53,56,57,60,63,65,68,74,80,84,85,89,93,95,97,101,118,121,122,123,124,126,127,131,134,136,146,147,157,160,161,167,171,172,173,174,175,176,177,179,182,186,187,188,189,192,193,200,201,209,211,212,213,214,215,216,221,224,225,226,227,231,232,242,243,248,251,253,259,263,272,273,276,278,279,280,284,288,294,295,301,304,305,306,307,308,310,317,318,319,323,327,328,329,332,333,334,340,342,345,346,347,353,354,355,359,360,364,369,371,372,373,390,391,395,401,406,409,410,415,421,426,427,428,429,430,433,434,439,446,455,464,465,466,467,472,481,487,488,494,495,496,497,501,508,511,512,513,519,521,523,525,529,535,536,537,540,541,544,552,553,556,557,561,566,567,568,569,570,571,572,573,574,575,576,577,597,602,603,604,608,625,626,627,628,629,633,636,655,656,657,658,662,663,665,666,667,670,674,680,681,682,683,685,686,688,689,691,694,696,707,708,710,712,719,747,753,755,757,773,774,775,779,790,791,792,793,798,799,802,804,806,807,809,810,811,814,860,870,876,880,886,894,896,903,914,915,917,918,920,921,922,923,924,925,927,939,969,970,973,976,979,981,983,987,991,992,993,994,997,998,1002,1003,1006,1007,1009,1061,1074,1075,1076,1096,1105,1108,1110,1112,1143,1151,1157,1158,1159,1179,1180,1181,1183,1187,1191,1192,1195,1196,1197,1198,1199,1200,1201,1202,1204,1205,1207,1208,1210,1211,1212,1213,1218,1219,1222,1224,1225,1227,1228,1229,1230,1231,1233,1234,1238,1239,1243,1247,1248,1253,1255,1258,1259,1262,1266,1267,1269,1270,1271,1272,1274,1279,1280,1281,1284,1285,1288,1295,1296,1297,1299,1300,1301,1302,1304,1305,1306,1309,1310,1311,1318,1319,1320,1328,1339,1343,1349,1351,1352,1353,1354,1356,1364,1366,1367,1373,1374,1377,1378,1379,1380,1390,1391,1393,1394,1395

Query      : turbulent AND flows
Stemmed    : turbul AND flow
df         : turbul = 144, flow = 730
Matches    : 99
Time       : 0.252 ms
Docids     : 7,9,16,17,45,72,74,89,96,115,120,121,125,131,135,148,165,170,173,174,177,184,187,189,207,242,243,257,258,261,294,315,335,344,346,348,358,376,377,378,381,398,406,413,418,491,522,526,535,536,538,563,564,608,610,623,646,651,658,710,798,872,873,940,959,960,974,992,996,1061,1104,1106,1107,1154,1184,1212,1216,1220,1225,1237,1241,1244,1261,1263,1264,1268,1275,1278,1281,1284,1287,1289,1321,1323,1324,1325,1336,1368,1374

Query      : buckling AND shells
Stemmed    : buckl AND shell
df         : buckl = 127, shell = 106
Matches    : 57
Time       : 0.110 ms
Docids     : 739,740,741,742,743,744,760,761,763,765,769,822,826,827,830,831,839,843,885,886,887,889,890,891,897,898,926,928,929,935,936,937,951,956,957,1013,1029,1034,1037,1051,1052,1053,1067,1068,1070,1071,1117,1119,1122,1123,1126,1131,1132,1145,1172,1173,1174

Query      : pressure AND distributions
Stemmed    : pressur AND distribut
df         : pressur = 552, distribut = 361
Matches    : 217
Time       : 0.236 ms
Docids     : 19,25,37,38,39,49,54,56,57,58,59,62,70,80,85,89,94,96,97,101,115,123,126,138,147,155,173,183,187,192,193,194,196,197,205,206,209,211,220,222,225,226,232,234,247,248,250,252,257,283,292,294,307,310,312,321,335,345,352,354,363,369,370,372,379,383,411,415,416,423,430,435,443,456,458,464,465,467,468,470,473,484,492,496,498,508,513,514,529,535,545,556,562,564,566,567,573,574,601,612,626,631,635,636,637,652,654,655,657,662,665,671,673,675,679,680,681,687,689,690,692,693,694,695,696,704,710,721,733,757,770,773,781,783,794,800,808,811,894,900,901,903,904,905,907,917,922,927,934,943,952,971,972,985,991,994,996,1002,1006,1039,1040,1043,1056,1062,1064,1074,1075,1076,1080,1090,1091,1092,1104,1106,1107,1145,1155,1157,1175,1182,1191,1195,1200,1204,1205,1216,1224,1229,1231,1233,1234,1235,1237,1238,1246,1248,1258,1261,1262,1267,1271,1274,1276,1283,1285,1303,1307,1310,1319,1336,1352,1355,1366,1378,1382,1386,1390

Query      : cylinders OR spheres
Stemmed    : cylind OR sphere
df         : cylind = 178, sphere = 39
Matches    : 206
Time       : 0.102 ms
Docids     : 7,23,25,35,44,53,56,57,58,85,94,105,110,116,145,149,150,152,158,161,171,176,182,186,206,221,233,261,272,317,328,329,370,372,375,381,382,384,411,428,434,435,452,473,483,494,520,522,533,536,539,541,553,556,558,564,565,566,567,605,629,635,642,646,657,659,669,689,690,740,741,742,744,751,754,759,761,763,765,770,771,776,784,785,786,787,788,789,800,801,812,818,822,823,838,839,842,843,844,845,846,847,848,850,851,852,854,855,864,885,888,889,891,912,927,928,932,937,952,954,955,956,973,976,978,1002,1021,1022,1038,1039,1044,1045,1046,1047,1050,1051,1062,1067,1069,1074,1078,1080,1081,1084,1100,1104,1105,1106,1112,1116,1117,1118,1119,1121,1122,1123,1126,1130,1132,1133,1134,1135,1136,1137,1145,1146,1151,1158,1159,1171,1173,1176,1177,1178,1182,1183,1190,1191,1196,1204,1205,1211,1214,1218,1234,1238,1242,1253,1256,1258,1263,1271,1283,1292,1293,1300,1307,1310,1351,1359,1369,1381,1382,1384,1385,1395

Query      : aerodynamics AND experimental
Stemmed    : aerodynam AND experiment
df         : aerodynam = 179, experiment = 339
Matches    : 49
Time       : 0.169 ms
Docids     : 1,11,29,52,137,142,202,203,216,225,277,287,289,329,360,441,442,453,464,536,544,567,606,632,634,635,658,662,685,688,689,704,712,717,753,781,801,927,999,1008,1066,1112,1156,1195,1209,1314,1319,1339,1352

Query      : xyzzy AND flow
Stemmed    : xyzzi AND flow
df         : xyzzi = 0, flow = 730
Matches    : 0
Time       : 0.144 ms
Docids     : (none)

Query      : flow AND NOT turbulent
Stemmed    : flow AND NOT turbul
df         : flow = 730, turbul = 144
Matches    : 631
Time       : 0.211 ms
Docids     : 1,2,3,4,6,18,19,21,22,23,24,25,26,27,28,33,34,35,36,37,38,39,44,48,49,50,51,52,53,54,55,56,57,58,59,60,61,62,63,64,69,70,73,81,84,85,86,87,88,91,93,94,97,98,102,103,105,106,109,110,112,116,117,118,119,122,123,124,126,128,132,133,134,138,144,145,146,147,149,150,152,155,157,159,160,161,166,167,169,171,175,176,179,180,182,183,185,186,188,190,191,192,193,196,197,198,199,201,203,204,205,206,208,211,212,213,214,216,217,221,222,224,225,227,228,229,230,231,232,234,236,237,240,241,244,247,248,252,259,265,266,267,268,269,270,273,274,277,278,280,283,287,288,289,292,295,296,297,298,299,300,303,304,305,306,307,308,309,310,311,312,313,314,316,317,318,319,322,323,324,325,326,327,328,329,332,333,334,340,341,342,347,349,351,352,356,360,361,363,364,365,366,370,371,372,373,375,379,380,382,383,385,386,387,388,389,391,393,394,395,401,402,404,407,410,415,417,420,421,423,426,427,428,430,433,435,439,440,442,443,444,445,450,452,453,455,456,457,458,459,460,461,464,465,466,467,468,469,470,472,475,477,481,483,484,485,486,487,488,489,490,494,495,496,498,500,501,503,504,507,508,511,514,521,523,525,527,528,529,530,531,533,534,537,539,540,541,544,545,547,549,550,556,557,560,561,562,565,567,569,570,571,572,574,575,576,577,578,579,583,587,588,589,590,591,592,593,597,600,601,602,603,604,606,607,612,624,625,626,627,629,630,632,633,634,635,637,652,653,655,656,657,659,660,661,662,663,665,666,667,668,669,672,675,680,682,683,686,687,688,689,690,691,692,693,696,697,699,700,701,702,704,705,706,714,719,748,749,750,751,754,757,767,770,771,772,773,774,775,779,781,784,785,789,792,793,794,795,797,799,800,801,802,803,814,817,818,820,825,856,857,869,892,894,895,899,900,901,902,903,906,907,915,916,917,918,919,920,921,922,927,933,939,941,942,943,944,945,947,949,963,964,965,966,967,970,975,977,979,980,981,983,984,985,986,987,988,989,990,991,993,994,998,1002,1003,1006,1007,1009,1010,1014,1024,1040,1064,1072,1073,1074,1076,1078,1080,1081,1082,1083,1084,1085,1086,1093,1105,1108,1110,1112,1119,1124,1128,1139,1141,1142,1143,1144,1148,1149,1151,1153,1156,1157,1158,1159,1164,1165,1166,1179,1180,1181,1182,1186,1187,1189,1190,1193,1194,1195,1198,1200,1201,1202,1203,1204,1205,1207,1209,1210,1213,1221,1222,1223,1224,1227,1228,1229,1230,1231,1232,1233,1234,1235,1236,1238,1239,1242,1245,1246,1247,1248,1249,1250,1251,1252,1253,1254,1255,1256,1259,1260,1262,1265,1266,1267,1269,1270,1272,1273,1274,1277,1280,1282,1283,1288,1295,1296,1297,1301,1302,1303,1304,1306,1307,1309,1310,1313,1315,1318,1319,1322,1326,1328,1330,1332,1334,1339,1341,1343,1349,1351,1353,1354,1356,1365,1367,1370,1371,1373,1375,1377,1379,1382,1383,1385,1386,1390,1391,1393,1394

